7f45 4c46 0201 0100 0000 0000 0000 0000
0300 3e00 0100 0000 e010 0000 0000 0000
4000 0000 0000 0000 803b 0000 0000 0000
0000 0000 4000 3800 0d00 4000 1f00 1e00
0600 0000 0400 0000 4000 0000 0000 0000
4000 0000 0000 0000 4000 0000 0000 0000
d802 0000 0000 0000 d802 0000 0000 0000
0800 0000 0000 0000 0300 0000 0400 0000
1803 0000 0000 0000 1803 0000 0000 0000
1803 0000 0000 0000 1c00 0000 0000 0000
1c00 0000 0000 0000 0100 0000 0000 0000
0100 0000 0400 0000 0000 0000 0000 0000
0000 0000 0000 0000 0000 0000 0000 0000
0007 0000 0000 0000 0007 0000 0000 0000
0010 0000 0000 0000 0100 0000 0500 0000
0010 0000 0000 0000 0010 0000 0000 0000
0010 0000 0000 0000 f507 0000 0000 0000
f507 0000 0000 0000 0010 0000 0000 0000
0100 0000 0400 0000 0020 0000 0000 0000
0020 0000 0000 0000 0020 0000 0000 0000
0802 0000 0000 0000 0802 0000 0000 0000
0010 0000 0000 0000 0100 0000 0600 0000
982d 0000 0000 0000 983d 0000 0000 0000
983d 0000 0000 0000 7802 0000 0000 0000
8002 0000 0000 0000 0010 0000 0000 0000
0200 0000 0600 0000 a82d 0000 0000 0000
a83d 0000 0000 0000 a83d 0000 0000 0000
f001 0000 0000 0000 f001 0000 0000 0000
0800 0000 0000 0000 0400 0000 0400 0000
3803 0000 0000 0000 3803 0000 0000 0000
3803 0000 0000 0000 2000 0000 0000 0000
2000 0000 0000 0000 0800 0000 0000 0000
0400 0000 0400 0000 5803 0000 0000 0000
5803 0000 0000 0000 5803 0000 0000 0000
4400 0000 0000 0000 4400 0000 0000 0000
0400 0000 0000 0000 53e5 7464 0400 0000
3803 0000 0000 0000 3803 0000 0000 0000
3803 0000 0000 0000 2000 0000 0000 0000
2000 0000 0000 0000 0800 0000 0000 0000
50e5 7464 0400 0000 1c20 0000 0000 0000
1c20 0000 0000 0000 1c20 0000 0000 0000
6400 0000 0000 0000 6400 0000 0000 0000
0400 0000 0000 0000 51e5 7464 0600 0000
0000 0000 0000 0000 0000 0000 0000 0000
0000 0000 0000 0000 0000 0000 0000 0000
0000 0000 0000 0000 1000 0000 0000 0000
52e5 7464 0400 0000 982d 0000 0000 0000
983d 0000 0000 0000 983d 0000 0000 0000
6802 0000 0000 0000 6802 0000 0000 0000
0100 0000 0000 0000 2f6c 6962 3634 2f6c
642d 6c69 6e75 782d 7838 362d 3634 2e73
6f2e 3200 0000 0000 0400 0000 1000 0000
0500 0000 474e 5500 0200 00c0 0400 0000
0300 0000 0000 0000 0400 0000 1400 0000
0300 0000 474e 5500 8682 b42c 2c20 1b2c
baf6 f735 e1ea 9ce6 fbaf 2c16 0400 0000
1000 0000 0100 0000 474e 5500 0000 0000
0300 0000 0200 0000 0000 0000 0000 0000
0200 0000 0a00 0000 0100 0000 0600 0000
0000 8100 0000 0000 0a00 0000 0000 0000
d165 ce6d 0000 0000 0000 0000 0000 0000
0000 0000 0000 0000 0000 0000 0000 0000
5000 0000 1200 0000 0000 0000 0000 0000
0000 0000 0000 0000 6b00 0000 2000 0000
0000 0000 0000 0000 0000 0000 0000 0000
0b00 0000 1200 0000 0000 0000 0000 0000
0000 0000 0000 0000 1000 0000 1200 0000
0000 0000 0000 0000 0000 0000 0000 0000
2100 0000 1200 0000 0000 0000 0000 0000
0000 0000 0000 0000 3e00 0000 1200 0000
0000 0000 0000 0000 0000 0000 0000 0000
8700 0000 2000 0000 0000 0000 0000 0000
0000 0000 0000 0000 2800 0000 1200 0000
0000 0000 0000 0000 0000 0000 0000 0000
9600 0000 2000 0000 0000 0000 0000 0000
0000 0000 0000 0000 2f00 0000 2200 0000
0000 0000 0000 0000 0000 0000 0000 0000
006c 6962 632e 736f 2e36 0070 7574 7300
5f5f 7374 6163 6b5f 6368 6b5f 6661 696c
0070 7269 6e74 6600 6d61 6c6c 6f63 005f
5f63 7861 5f66 696e 616c 697a 6500 5f5f
6c69 6263 5f73 7461 7274 5f6d 6169 6e00
6672 6565 0047 4c49 4243 5f32 2e34 0047
4c49 4243 5f32 2e32 2e35 005f 4954 4d5f
6465 7265 6769 7374 6572 544d 436c 6f6e
6554 6162 6c65 005f 5f67 6d6f 6e5f 7374
6172 745f 5f00 5f49 544d 5f72 6567 6973
7465 7254 4d43 6c6f 6e65 5461 626c 6500
0000 0200 0000 0200 0300 0200 0200 0000
0200 0000 0200 0000 0100 0200 0100 0000
1000 0000 0000 0000 1469 690d 0000 0300
5500 0000 1000 0000 751a 6909 0000 0200
5f00 0000 0000 0000 983d 0000 0000 0000
0800 0000 0000 0000 c011 0000 0000 0000
a03d 0000 0000 0000 0800 0000 0000 0000
8011 0000 0000 0000 0840 0000 0000 0000
0800 0000 0000 0000 0840 0000 0000 0000
d83f 0000 0000 0000 0600 0000 0200 0000
0000 0000 0000 0000 e03f 0000 0000 0000
0600 0000 0600 0000 0000 0000 0000 0000
e83f 0000 0000 0000 0600 0000 0700 0000
0000 0000 0000 0000 f03f 0000 0000 0000
0600 0000 0900 0000 0000 0000 0000 0000
f83f 0000 0000 0000 0600 0000 0a00 0000
0000 0000 0000 0000 b03f 0000 0000 0000
0700 0000 0100 0000 0000 0000 0000 0000
b83f 0000 0000 0000 0700 0000 0300 0000
0000 0000 0000 0000 c03f 0000 0000 0000
0700 0000 0400 0000 0000 0000 0000 0000
c83f 0000 0000 0000 0700 0000 0500 0000
0000 0000 0000 0000 d03f 0000 0000 0000
0700 0000 0800 0000 0000 0000 0000 0000
0000 0000 0000 0000 0000 0000 0000 0000
0000 0000 0000 0000 0000 0000 0000 0000
0000 0000 0000 0000 0000 0000 0000 0000
0000 0000 0000 0000 0000 0000 0000 0000
0000 0000 0000 0000 0000 0000 0000 0000
0000 0000 0000 0000 0000 0000 0000 0000
0000 0000 0000 0000 0000 0000 0000 0000
0000 0000 0000 0000 0000 0000 0000 0000
0000 0000 0000 0000 0000 0000 0000 0000
0000 0000 0000 0000 0000 0000 0000 0000
0000 0000 0000 0000 0000 0000 0000 0000
0000 0000 0000 0000 0000 0000 0000 0000
0000 0000 0000 0000 0000 0000 0000 0000
0000 0000 0000 0000 0000 0000 0000 0000
0000 0000 0000 0000 0000 0000 0000 0000
0000 0000 0000 0000 0000 0000 0000 0000
0000 0000 0000 0000 0000 0000 0000 0000
0000 0000 0000 0000 0000 0000 0000 0000
0000 0000 0000 0000 0000 0000 0000 0000
0000 0000 0000 0000 0000 0000 0000 0000
0000 0000 0000 0000 0000 0000 0000 0000
0000 0000 0000 0000 0000 0000 0000 0000
0000 0000 0000 0000 0000 0000 0000 0000
0000 0000 0000 0000 0000 0000 0000 0000
0000 0000 0000 0000 0000 0000 0000 0000
0000 0000 0000 0000 0000 0000 0000 0000
0000 0000 0000 0000 0000 0000 0000 0000
0000 0000 0000 0000 0000 0000 0000 0000
0000 0000 0000 0000 0000 0000 0000 0000
0000 0000 0000 0000 0000 0000 0000 0000
0000 0000 0000 0000 0000 0000 0000 0000
0000 0000 0000 0000 0000 0000 0000 0000
0000 0000 0000 0000 0000 0000 0000 0000
0000 0000 0000 0000 0000 0000 0000 0000
0000 0000 0000 0000 0000 0000 0000 0000
0000 0000 0000 0000 0000 0000 0000 0000
0000 0000 0000 0000 0000 0000 0000 0000
0000 0000 0000 0000 0000 0000 0000 0000
0000 0000 0000 0000 0000 0000 0000 0000
0000 0000 0000 0000 0000 0000 0000 0000
0000 0000 0000 0000 0000 0000 0000 0000
0000 0000 0000 0000 0000 0000 0000 0000
0000 0000 0000 0000 0000 0000 0000 0000
0000 0000 0000 0000 0000 0000 0000 0000
0000 0000 0000 0000 0000 0000 0000 0000
0000 0000 0000 0000 0000 0000 0000 0000
0000 0000 0000 0000 0000 0000 0000 0000
0000 0000 0000 0000 0000 0000 0000 0000
0000 0000 0000 0000 0000 0000 0000 0000
0000 0000 0000 0000 0000 0000 0000 0000
0000 0000 0000 0000 0000 0000 0000 0000
0000 0000 0000 0000 0000 0000 0000 0000
0000 0000 0000 0000 0000 0000 0000 0000
0000 0000 0000 0000 0000 0000 0000 0000
0000 0000 0000 0000 0000 0000 0000 0000
0000 0000 0000 0000 0000 0000 0000 0000
0000 0000 0000 0000 0000 0000 0000 0000
0000 0000 0000 0000 0000 0000 0000 0000
0000 0000 0000 0000 0000 0000 0000 0000
0000 0000 0000 0000 0000 0000 0000 0000
0000 0000 0000 0000 0000 0000 0000 0000
0000 0000 0000 0000 0000 0000 0000 0000
0000 0000 0000 0000 0000 0000 0000 0000
0000 0000 0000 0000 0000 0000 0000 0000
0000 0000 0000 0000 0000 0000 0000 0000
0000 0000 0000 0000 0000 0000 0000 0000
0000 0000 0000 0000 0000 0000 0000 0000
0000 0000 0000 0000 0000 0000 0000 0000
0000 0000 0000 0000 0000 0000 0000 0000
0000 0000 0000 0000 0000 0000 0000 0000
0000 0000 0000 0000 0000 0000 0000 0000
0000 0000 0000 0000 0000 0000 0000 0000
0000 0000 0000 0000 0000 0000 0000 0000
0000 0000 0000 0000 0000 0000 0000 0000
0000 0000 0000 0000 0000 0000 0000 0000
0000 0000 0000 0000 0000 0000 0000 0000
0000 0000 0000 0000 0000 0000 0000 0000
0000 0000 0000 0000 0000 0000 0000 0000
0000 0000 0000 0000 0000 0000 0000 0000
0000 0000 0000 0000 0000 0000 0000 0000
0000 0000 0000 0000 0000 0000 0000 0000
0000 0000 0000 0000 0000 0000 0000 0000
0000 0000 0000 0000 0000 0000 0000 0000
0000 0000 0000 0000 0000 0000 0000 0000
0000 0000 0000 0000 0000 0000 0000 0000
0000 0000 0000 0000 0000 0000 0000 0000
0000 0000 0000 0000 0000 0000 0000 0000
0000 0000 0000 0000 0000 0000 0000 0000
0000 0000 0000 0000 0000 0000 0000 0000
0000 0000 0000 0000 0000 0000 0000 0000
0000 0000 0000 0000 0000 0000 0000 0000
0000 0000 0000 0000 0000 0000 0000 0000
0000 0000 0000 0000 0000 0000 0000 0000
0000 0000 0000 0000 0000 0000 0000 0000
0000 0000 0000 0000 0000 0000 0000 0000
0000 0000 0000 0000 0000 0000 0000 0000
0000 0000 0000 0000 0000 0000 0000 0000
0000 0000 0000 0000 0000 0000 0000 0000
0000 0000 0000 0000 0000 0000 0000 0000
0000 0000 0000 0000 0000 0000 0000 0000
0000 0000 0000 0000 0000 0000 0000 0000
0000 0000 0000 0000 0000 0000 0000 0000
0000 0000 0000 0000 0000 0000 0000 0000
0000 0000 0000 0000 0000 0000 0000 0000
0000 0000 0000 0000 0000 0000 0000 0000
0000 0000 0000 0000 0000 0000 0000 0000
0000 0000 0000 0000 0000 0000 0000 0000
0000 0000 0000 0000 0000 0000 0000 0000
0000 0000 0000 0000 0000 0000 0000 0000
0000 0000 0000 0000 0000 0000 0000 0000
0000 0000 0000 0000 0000 0000 0000 0000
0000 0000 0000 0000 0000 0000 0000 0000
0000 0000 0000 0000 0000 0000 0000 0000
0000 0000 0000 0000 0000 0000 0000 0000
0000 0000 0000 0000 0000 0000 0000 0000
0000 0000 0000 0000 0000 0000 0000 0000
0000 0000 0000 0000 0000 0000 0000 0000
0000 0000 0000 0000 0000 0000 0000 0000
0000 0000 0000 0000 0000 0000 0000 0000
0000 0000 0000 0000 0000 0000 0000 0000
0000 0000 0000 0000 0000 0000 0000 0000
0000 0000 0000 0000 0000 0000 0000 0000
0000 0000 0000 0000 0000 0000 0000 0000
0000 0000 0000 0000 0000 0000 0000 0000
0000 0000 0000 0000 0000 0000 0000 0000
0000 0000 0000 0000 0000 0000 0000 0000
0000 0000 0000 0000 0000 0000 0000 0000
0000 0000 0000 0000 0000 0000 0000 0000
0000 0000 0000 0000 0000 0000 0000 0000
0000 0000 0000 0000 0000 0000 0000 0000
0000 0000 0000 0000 0000 0000 0000 0000
0000 0000 0000 0000 0000 0000 0000 0000
0000 0000 0000 0000 0000 0000 0000 0000
0000 0000 0000 0000 0000 0000 0000 0000
0000 0000 0000 0000 0000 0000 0000 0000
0000 0000 0000 0000 0000 0000 0000 0000
0000 0000 0000 0000 0000 0000 0000 0000
0000 0000 0000 0000 0000 0000 0000 0000
0000 0000 0000 0000 0000 0000 0000 0000
0000 0000 0000 0000 0000 0000 0000 0000
0000 0000 0000 0000 0000 0000 0000 0000
0000 0000 0000 0000 0000 0000 0000 0000
0000 0000 0000 0000 0000 0000 0000 0000
0000 0000 0000 0000 0000 0000 0000 0000
f30f 1efa 4883 ec08 488b 05d9 2f00 0048
85c0 7402 ffd0 4883 c408 c300 0000 0000
ff35 7a2f 0000 f2ff 257b 2f00 000f 1f00
f30f 1efa 6800 0000 00f2 e9e1 ffff ff90
f30f 1efa 6801 0000 00f2 e9d1 ffff ff90
f30f 1efa 6802 0000 00f2 e9c1 ffff ff90
f30f 1efa 6803 0000 00f2 e9b1 ffff ff90
f30f 1efa 6804 0000 00f2 e9a1 ffff ff90
f30f 1efa f2ff 256d 2f00 000f 1f44 0000
f30f 1efa f2ff 2515 2f00 000f 1f44 0000
f30f 1efa f2ff 250d 2f00 000f 1f44 0000
f30f 1efa f2ff 2505 2f00 000f 1f44 0000
f30f 1efa f2ff 25fd 2e00 000f 1f44 0000
f30f 1efa f2ff 25f5 2e00 000f 1f44 0000
f30f 1efa 31ed 4989 d15e 4889 e248 83e4
f050 544c 8d05 e606 0000 488d 0d6f 0600
0048 8d3d c100 0000 ff15 d22e 0000 f490
488d 3df9 2e00 0048 8d05 f22e 0000 4839
f874 1548 8b05 ae2e 0000 4885 c074 09ff
e00f 1f80 0000 0000 c30f 1f80 0000 0000
488d 3dc9 2e00 0048 8d35 c22e 0000 4829
fe48 89f0 48c1 ee3f 48c1 f803 4801 c648
d1fe 7414 488b 0585 2e00 0048 85c0 7408
ffe0 660f 1f44 0000 c30f 1f80 0000 0000
f30f 1efa 803d 852e 0000 0075 2b55 4883
3d62 2e00 0000 4889 e574 0c48 8b3d 662e
0000 e8d9 feff ffe8 64ff ffff c605 5d2e
0000 015d c30f 1f00 c30f 1f80 0000 0000
f30f 1efa e977 ffff fff3 0f1e fa55 4889
e548 83ec 1064 488b 0425 2800 0000 4889
45f8 31c0 48c7 45f0 0000 0000 488d 45f0
be00 0000 0048 89c7 e885 0300 0048 8d45
f0be 0100 0000 4889 c7e8 7403 0000 488d
45f0 be02 0000 0048 89c7 e863 0300 0048
8d45 f0be 0300 0000 4889 c7e8 5203 0000
488d 45f0 be04 0000 0048 89c7 e841 0300
0048 8d45 f0be 6200 0000 4889 c7e8 3003
0000 488d 45f0 be92 0100 0048 89c7 e81f
0300 0048 8d45 f0be 0004 0000 4889 c7e8
0e03 0000 488b 45f0 4889 c7e8 b102 0000
488d 3d7d 0d00 00e8 14fe ffff 488d 45f0
be05 0000 0048 89c7 e899 0300 0048 8b45
f048 89c7 e888 0200 0048 8d3d 540d 0000
e8eb fdff ff48 8d45 f0be 0000 0000 4889
c7e8 7003 0000 488b 45f0 4889 c7e8 5f02
0000 488d 3d2b 0d00 00e8 c2fd ffff 488d
45f0 be00 0000 0048 89c7 e847 0300 0048
8b45 f048 89c7 e836 0200 0048 8d3d 020d
0000 e899 fdff ff48 8d45 f0be 0000 0000
4889 c7e8 1e03 0000 488b 45f0 4889 c7e8
0d02 0000 488d 3dd9 0c00 00e8 70fd ffff
488d 45f0 be00 0000 0048 89c7 e8f5 0200
0048 8b45 f048 89c7 e8e4 0100 0048 8d3d
b00c 0000 e847 fdff ff48 8d45 f0be 0000
0000 4889 c7e8 cc02 0000 488b 45f0 4889
c7e8 bb01 0000 488d 3d87 0c00 00e8 1efd
ffff 488d 45f0 be00 0000 0048 89c7 e8a3
0200 0048 8b45 f048 89c7 e892 0100 0048
8d3d 5e0c 0000 e8f5 fcff ff48 8d45 f0be
0000 0000 4889 c7e8 7a02 0000 488d 3d41
0c00 00e8 d8fc ffff 488d 45f0 be00 0000
0048 89c7 e85d 0200 0048 8d3d 240c 0000
e8bb fcff ff48 8d45 f0be 0000 0000 4889
c7e8 4002 0000 488d 3d07 0c00 00e8 9efc
ffff 488d 45f0 be00 0000 0048 89c7 e823
0200 0048 8d3d ea0b 0000 e881 fcff ff48
8d45 f0be 0000 0000 4889 c7e8 0602 0000
488d 3dcd 0b00 00e8 64fc ffff 488d 45f0
be00 0000 0048 89c7 e8e9 0100 0048 8d3d
b00b 0000 e847 fcff ff48 8d45 f0be 0000
0000 4889 c7e8 cc01 0000 488d 3d93 0b00
00e8 2afc ffff 488d 45f0 be00 0000 0048
89c7 e8af 0100 0048 8d3d 760b 0000 e80d
fcff ff48 8d45 f0be 0000 0000 4889 c7e8
9201 0000 488d 3d59 0b00 00e8 f0fb ffff
488d 45f0 be00 0000 0048 89c7 e875 0100
0048 8b45 f048 89c7 e864 0000 0048 8b45
f048 89c7 e81b 0000 00b8 0000 0000 488b
55f8 6448 3314 2528 0000 0074 05e8 befb
ffff c9c3 f30f 1efa 5548 89e5 4883 ec20
4889 7de8 eb20 488b 45e8 4889 45f8 488b
45e8 488b 4010 4889 45e8 488b 45f8 4889
c7e8 6afb ffff 4883 7de8 0075 d990 90c9
c3f3 0f1e fa55 4889 e548 83ec 2048 897d
e848 c745 f800 0000 00eb 2a48 8b45 e88b
0089 c648 8d3d bc0a 0000 b800 0000 00e8
5cfb ffff 488b 45e8 488b 4010 4889 45e8
4883 45f8 0148 837d e800 75cf 488b 45f8
c9c3 f30f 1efa 5548 89e5 4883 ec20 4889
7de8 8975 e4bf 1800 0000 e831 fbff ff48
8945 f848 837d f800 750a b800 0000 00e9
8000 0000 488b 45f8 8b55 e489 1048 8b45
f848 c740 1000 0000 0048 8b45 e848 8b00
4885 c075 1d48 8b45 e848 8b55 f848 8910
488b 45f8 48c7 4008 0000 0000 488b 45f8
eb42 488b 45e8 488b 0048 8945 f0eb 0c48
8b45 f048 8b40 1048 8945 f048 8b45 f048
8b40 1048 85c0 75e7 488b 45f0 488b 55f8
4889 5010 488b 45f8 488b 55f0 4889 5008
488b 45f8 c9c3 f30f 1efa 5548 89e5 4883
ec30 4889 7dd8 8975 d448 8b45 d848 8b00
4885 c075 0ab8 ffff ffff e902 0100 0048
8b45 d848 8b00 4889 45f0 c745 ec00 0000
00eb 1648 8b45 d848 8b00 488b 5010 488b
45d8 4889 1083 45ec 018b 45ec 3b45 d473
0c48 8b45 d848 8b00 4885 c075 d68b 45ec
3b45 d474 1548 8b45 d848 8b55 f048 8910
b8ff ffff ffe9 a700 0000 837d d400 753e
488b 45d8 488b 0048 8b40 1048 8945 f848
8b45 d848 8b00 4889 c7e8 b2f9 ffff 488b
45d8 488b 55f8 4889 1048 837d f800 746c
488b 45f8 48c7 4008 0000 0000 eb5e 488b
45d8 488b 1048 8b45 d848 8b00 488b 4008
488b 5210 4889 5010 488b 45d8 488b 0048
89c7 e869 f9ff ff48 8b45 d848 8b00 488b
4010 4885 c074 1a48 8b45 d848 8b10 488b
45d8 488b 0048 8b40 1048 8b52 0848 8950
0848 8b45 d848 8b55 f048 8910 b801 0000
00c9 c366 2e0f 1f84 0000 0000 000f 1f00
f30f 1efa 4157 4c8d 3d1b 2600 0041 5649
89d6 4155 4989 f541 5441 89fc 5548 8d2d
0c26 0000 534c 29fd 4883 ec08 e85f f8ff
ff48 c1fd 0374 1f31 db0f 1f80 0000 0000
4c89 f24c 89ee 4489 e741 ff14 df48 83c3
0148 39dd 75ea 4883 c408 5b5d 415c 415d
415e 415f c366 662e 0f1f 8400 0000 0000
f30f 1efa c300 0000 f30f 1efa 4883 ec08
4883 c408 c300 0000 0000 0000 0000 0000
0000 0000 0000 0000 0000 0000 0000 0000
0000 0000 0000 0000 0000 0000 0000 0000
0000 0000 0000 0000 0000 0000 0000 0000
0000 0000 0000 0000 0000 0000 0000 0000
0000 0000 0000 0000 0000 0000 0000 0000
0000 0000 0000 0000 0000 0000 0000 0000
0000 0000 0000 0000 0000 0000 0000 0000
0000 0000 0000 0000 0000 0000 0000 0000
0000 0000 0000 0000 0000 0000 0000 0000
0000 0000 0000 0000 0000 0000 0000 0000
0000 0000 0000 0000 0000 0000 0000 0000
0000 0000 0000 0000 0000 0000 0000 0000
0000 0000 0000 0000 0000 0000 0000 0000
0000 0000 0000 0000 0000 0000 0000 0000
0000 0000 0000 0000 0000 0000 0000 0000
0000 0000 0000 0000 0000 0000 0000 0000
0000 0000 0000 0000 0000 0000 0000 0000
0000 0000 0000 0000 0000 0000 0000 0000
0000 0000 0000 0000 0000 0000 0000 0000
0000 0000 0000 0000 0000 0000 0000 0000
0000 0000 0000 0000 0000 0000 0000 0000
0000 0000 0000 0000 0000 0000 0000 0000
0000 0000 0000 0000 0000 0000 0000 0000
0000 0000 0000 0000 0000 0000 0000 0000
0000 0000 0000 0000 0000 0000 0000 0000
0000 0000 0000 0000 0000 0000 0000 0000
0000 0000 0000 0000 0000 0000 0000 0000
0000 0000 0000 0000 0000 0000 0000 0000
0000 0000 0000 0000 0000 0000 0000 0000
0000 0000 0000 0000 0000 0000 0000 0000
0000 0000 0000 0000 0000 0000 0000 0000
0000 0000 0000 0000 0000 0000 0000 0000
0000 0000 0000 0000 0000 0000 0000 0000
0000 0000 0000 0000 0000 0000 0000 0000
0000 0000 0000 0000 0000 0000 0000 0000
0000 0000 0000 0000 0000 0000 0000 0000
0000 0000 0000 0000 0000 0000 0000 0000
0000 0000 0000 0000 0000 0000 0000 0000
0000 0000 0000 0000 0000 0000 0000 0000
0000 0000 0000 0000 0000 0000 0000 0000
0000 0000 0000 0000 0000 0000 0000 0000
0000 0000 0000 0000 0000 0000 0000 0000
0000 0000 0000 0000 0000 0000 0000 0000
0000 0000 0000 0000 0000 0000 0000 0000
0000 0000 0000 0000 0000 0000 0000 0000
0000 0000 0000 0000 0000 0000 0000 0000
0000 0000 0000 0000 0000 0000 0000 0000
0000 0000 0000 0000 0000 0000 0000 0000
0000 0000 0000 0000 0000 0000 0000 0000
0000 0000 0000 0000 0000 0000 0000 0000
0000 0000 0000 0000 0000 0000 0000 0000
0000 0000 0000 0000 0000 0000 0000 0000
0000 0000 0000 0000 0000 0000 0000 0000
0000 0000 0000 0000 0000 0000 0000 0000
0000 0000 0000 0000 0000 0000 0000 0000
0000 0000 0000 0000 0000 0000 0000 0000
0000 0000 0000 0000 0000 0000 0000 0000
0000 0000 0000 0000 0000 0000 0000 0000
0000 0000 0000 0000 0000 0000 0000 0000
0000 0000 0000 0000 0000 0000 0000 0000
0000 0000 0000 0000 0000 0000 0000 0000
0000 0000 0000 0000 0000 0000 0000 0000
0000 0000 0000 0000 0000 0000 0000 0000
0000 0000 0000 0000 0000 0000 0000 0000
0000 0000 0000 0000 0000 0000 0000 0000
0000 0000 0000 0000 0000 0000 0000 0000
0000 0000 0000 0000 0000 0000 0000 0000
0000 0000 0000 0000 0000 0000 0000 0000
0000 0000 0000 0000 0000 0000 0000 0000
0000 0000 0000 0000 0000 0000 0000 0000
0000 0000 0000 0000 0000 0000 0000 0000
0000 0000 0000 0000 0000 0000 0000 0000
0000 0000 0000 0000 0000 0000 0000 0000
0000 0000 0000 0000 0000 0000 0000 0000
0000 0000 0000 0000 0000 0000 0000 0000
0000 0000 0000 0000 0000 0000 0000 0000
0000 0000 0000 0000 0000 0000 0000 0000
0000 0000 0000 0000 0000 0000 0000 0000
0000 0000 0000 0000 0000 0000 0000 0000
0000 0000 0000 0000 0000 0000 0000 0000
0000 0000 0000 0000 0000 0000 0000 0000
0000 0000 0000 0000 0000 0000 0000 0000
0000 0000 0000 0000 0000 0000 0000 0000
0000 0000 0000 0000 0000 0000 0000 0000
0000 0000 0000 0000 0000 0000 0000 0000
0000 0000 0000 0000 0000 0000 0000 0000
0000 0000 0000 0000 0000 0000 0000 0000
0000 0000 0000 0000 0000 0000 0000 0000
0000 0000 0000 0000 0000 0000 0000 0000
0000 0000 0000 0000 0000 0000 0000 0000
0000 0000 0000 0000 0000 0000 0000 0000
0000 0000 0000 0000 0000 0000 0000 0000
0000 0000 0000 0000 0000 0000 0000 0000
0000 0000 0000 0000 0000 0000 0000 0000
0000 0000 0000 0000 0000 0000 0000 0000
0000 0000 0000 0000 0000 0000 0000 0000
0000 0000 0000 0000 0000 0000 0000 0000
0000 0000 0000 0000 0000 0000 0000 0000
0000 0000 0000 0000 0000 0000 0000 0000
0000 0000 0000 0000 0000 0000 0000 0000
0000 0000 0000 0000 0000 0000 0000 0000
0000 0000 0000 0000 0000 0000 0000 0000
0000 0000 0000 0000 0000 0000 0000 0000
0000 0000 0000 0000 0000 0000 0000 0000
0000 0000 0000 0000 0000 0000 0000 0000
0000 0000 0000 0000 0000 0000 0000 0000
0000 0000 0000 0000 0000 0000 0000 0000
0000 0000 0000 0000 0000 0000 0000 0000
0000 0000 0000 0000 0000 0000 0000 0000
0000 0000 0000 0000 0000 0000 0000 0000
0000 0000 0000 0000 0000 0000 0000 0000
0000 0000 0000 0000 0000 0000 0000 0000
0000 0000 0000 0000 0000 0000 0000 0000
0000 0000 0000 0000 0000 0000 0000 0000
0000 0000 0000 0000 0000 0000 0000 0000
0000 0000 0000 0000 0000 0000 0000 0000
0000 0000 0000 0000 0000 0000 0000 0000
0000 0000 0000 0000 0000 0000 0000 0000
0000 0000 0000 0000 0000 0000 0000 0000
0000 0000 0000 0000 0000 0000 0000 0000
0000 0000 0000 0000 0000 0000 0000 0000
0000 0000 0000 0000 0000 0000 0000 0000
0000 0000 0000 0000 0000 0000 0000 0000
0000 0000 0000 0000 0000 0000 0000 0000
0000 0000 0000 0000 0000 0000 0000 0000
0000 0000 0000 0000 0000 0000 0000 0000
0000 0000 0000 0000 0000 0000 0000 0000
0000 0000 0000 0000 0000 0000 0000 0000
0100 0200 2d2d 2d2d 2d2d 2d2d 2d2d 2d2d
2d2d 2d2d 2d00 2564 0a00 0000 011b 033b
6000 0000 0b00 0000 04f0 ffff 9400 0000
64f0 ffff bc00 0000 74f0 ffff d400 0000
c4f0 ffff 7c00 0000 adf1 ffff ec00 0000
d8f4 ffff 0c01 0000 15f5 ffff 2c01 0000
66f5 ffff 4c01 0000 1af6 ffff 6c01 0000
54f7 ffff 8c01 0000 c4f7 ffff d401 0000
1400 0000 0000 0000 017a 5200 0178 1001
1b0c 0708 9001 0000 1400 0000 1c00 0000
40f0 ffff 2f00 0000 0044 0710 0000 0000
2400 0000 3400 0000 68ef ffff 6000 0000
000e 1046 0e18 4a0f 0b77 0880 003f 1a3a
2a33 2422 0000 0000 1400 0000 5c00 0000
a0ef ffff 1000 0000 0000 0000 0000 0000
1400 0000 7400 0000 98ef ffff 5000 0000
0000 0000 0000 0000 1c00 0000 8c00 0000
b9f0 ffff 2b03 0000 0045 0e10 8602 430d
0603 2203 0c07 0800 1c00 0000 ac00 0000
c4f3 ffff 3d00 0000 0045 0e10 8602 430d
0674 0c07 0800 0000 1c00 0000 cc00 0000
e1f3 ffff 5100 0000 0045 0e10 8602 430d
0602 480c 0708 0000 1c00 0000 ec00 0000
12f4 ffff b400 0000 0045 0e10 8602 430d
0602 ab0c 0708 0000 1c00 0000 0c01 0000
a6f4 ffff 2d01 0000 0045 0e10 8602 430d
0603 2401 0c07 0800 4400 0000 2c01 0000
c0f5 ffff 6500 0000 0046 0e10 8f02 490e
188e 0345 0e20 8d04 450e 288c 0544 0e30
8606 480e 3883 0747 0e40 6e0e 3841 0e30
410e 2842 0e20 420e 1842 0e10 420e 0800
1000 0000 7401 0000 e8f5 ffff 0500 0000
0000 0000 0000 0000 0000 0000 0000 0000
0000 0000 0000 0000 0000 0000 0000 0000
0000 0000 0000 0000 0000 0000 0000 0000
0000 0000 0000 0000 0000 0000 0000 0000
0000 0000 0000 0000 0000 0000 0000 0000
0000 0000 0000 0000 0000 0000 0000 0000
0000 0000 0000 0000 0000 0000 0000 0000
0000 0000 0000 0000 0000 0000 0000 0000
0000 0000 0000 0000 0000 0000 0000 0000
0000 0000 0000 0000 0000 0000 0000 0000
0000 0000 0000 0000 0000 0000 0000 0000
0000 0000 0000 0000 0000 0000 0000 0000
0000 0000 0000 0000 0000 0000 0000 0000
0000 0000 0000 0000 0000 0000 0000 0000
0000 0000 0000 0000 0000 0000 0000 0000
0000 0000 0000 0000 0000 0000 0000 0000
0000 0000 0000 0000 0000 0000 0000 0000
0000 0000 0000 0000 0000 0000 0000 0000
0000 0000 0000 0000 0000 0000 0000 0000
0000 0000 0000 0000 0000 0000 0000 0000
0000 0000 0000 0000 0000 0000 0000 0000
0000 0000 0000 0000 0000 0000 0000 0000
0000 0000 0000 0000 0000 0000 0000 0000
0000 0000 0000 0000 0000 0000 0000 0000
0000 0000 0000 0000 0000 0000 0000 0000
0000 0000 0000 0000 0000 0000 0000 0000
0000 0000 0000 0000 0000 0000 0000 0000
0000 0000 0000 0000 0000 0000 0000 0000
0000 0000 0000 0000 0000 0000 0000 0000
0000 0000 0000 0000 0000 0000 0000 0000
0000 0000 0000 0000 0000 0000 0000 0000
0000 0000 0000 0000 0000 0000 0000 0000
0000 0000 0000 0000 0000 0000 0000 0000
0000 0000 0000 0000 0000 0000 0000 0000
0000 0000 0000 0000 0000 0000 0000 0000
0000 0000 0000 0000 0000 0000 0000 0000
0000 0000 0000 0000 0000 0000 0000 0000
0000 0000 0000 0000 0000 0000 0000 0000
0000 0000 0000 0000 0000 0000 0000 0000
0000 0000 0000 0000 0000 0000 0000 0000
0000 0000 0000 0000 0000 0000 0000 0000
0000 0000 0000 0000 0000 0000 0000 0000
0000 0000 0000 0000 0000 0000 0000 0000
0000 0000 0000 0000 0000 0000 0000 0000
0000 0000 0000 0000 0000 0000 0000 0000
0000 0000 0000 0000 0000 0000 0000 0000
0000 0000 0000 0000 0000 0000 0000 0000
0000 0000 0000 0000 0000 0000 0000 0000
0000 0000 0000 0000 0000 0000 0000 0000
0000 0000 0000 0000 0000 0000 0000 0000
0000 0000 0000 0000 0000 0000 0000 0000
0000 0000 0000 0000 0000 0000 0000 0000
0000 0000 0000 0000 0000 0000 0000 0000
0000 0000 0000 0000 0000 0000 0000 0000
0000 0000 0000 0000 0000 0000 0000 0000
0000 0000 0000 0000 0000 0000 0000 0000
0000 0000 0000 0000 0000 0000 0000 0000
0000 0000 0000 0000 0000 0000 0000 0000
0000 0000 0000 0000 0000 0000 0000 0000
0000 0000 0000 0000 0000 0000 0000 0000
0000 0000 0000 0000 0000 0000 0000 0000
0000 0000 0000 0000 0000 0000 0000 0000
0000 0000 0000 0000 0000 0000 0000 0000
0000 0000 0000 0000 0000 0000 0000 0000
0000 0000 0000 0000 0000 0000 0000 0000
0000 0000 0000 0000 0000 0000 0000 0000
0000 0000 0000 0000 0000 0000 0000 0000
0000 0000 0000 0000 0000 0000 0000 0000
0000 0000 0000 0000 0000 0000 0000 0000
0000 0000 0000 0000 0000 0000 0000 0000
0000 0000 0000 0000 0000 0000 0000 0000
0000 0000 0000 0000 0000 0000 0000 0000
0000 0000 0000 0000 0000 0000 0000 0000
0000 0000 0000 0000 0000 0000 0000 0000
0000 0000 0000 0000 0000 0000 0000 0000
0000 0000 0000 0000 0000 0000 0000 0000
0000 0000 0000 0000 0000 0000 0000 0000
0000 0000 0000 0000 0000 0000 0000 0000
0000 0000 0000 0000 0000 0000 0000 0000
0000 0000 0000 0000 0000 0000 0000 0000
0000 0000 0000 0000 0000 0000 0000 0000
0000 0000 0000 0000 0000 0000 0000 0000
0000 0000 0000 0000 0000 0000 0000 0000
0000 0000 0000 0000 0000 0000 0000 0000
0000 0000 0000 0000 0000 0000 0000 0000
0000 0000 0000 0000 0000 0000 0000 0000
0000 0000 0000 0000 0000 0000 0000 0000
0000 0000 0000 0000 0000 0000 0000 0000
0000 0000 0000 0000 0000 0000 0000 0000
0000 0000 0000 0000 0000 0000 0000 0000
0000 0000 0000 0000 0000 0000 0000 0000
0000 0000 0000 0000 0000 0000 0000 0000
0000 0000 0000 0000 0000 0000 0000 0000
0000 0000 0000 0000 0000 0000 0000 0000
0000 0000 0000 0000 0000 0000 0000 0000
0000 0000 0000 0000 0000 0000 0000 0000
0000 0000 0000 0000 0000 0000 0000 0000
0000 0000 0000 0000 0000 0000 0000 0000
0000 0000 0000 0000 0000 0000 0000 0000
0000 0000 0000 0000 0000 0000 0000 0000
0000 0000 0000 0000 0000 0000 0000 0000
0000 0000 0000 0000 0000 0000 0000 0000
0000 0000 0000 0000 0000 0000 0000 0000
0000 0000 0000 0000 0000 0000 0000 0000
0000 0000 0000 0000 0000 0000 0000 0000
0000 0000 0000 0000 0000 0000 0000 0000
0000 0000 0000 0000 0000 0000 0000 0000
0000 0000 0000 0000 0000 0000 0000 0000
0000 0000 0000 0000 0000 0000 0000 0000
0000 0000 0000 0000 0000 0000 0000 0000
0000 0000 0000 0000 0000 0000 0000 0000
0000 0000 0000 0000 0000 0000 0000 0000
0000 0000 0000 0000 0000 0000 0000 0000
0000 0000 0000 0000 0000 0000 0000 0000
0000 0000 0000 0000 0000 0000 0000 0000
0000 0000 0000 0000 0000 0000 0000 0000
0000 0000 0000 0000 0000 0000 0000 0000
0000 0000 0000 0000 0000 0000 0000 0000
0000 0000 0000 0000 0000 0000 0000 0000
0000 0000 0000 0000 0000 0000 0000 0000
0000 0000 0000 0000 0000 0000 0000 0000
0000 0000 0000 0000 0000 0000 0000 0000
0000 0000 0000 0000 0000 0000 0000 0000
0000 0000 0000 0000 0000 0000 0000 0000
0000 0000 0000 0000 0000 0000 0000 0000
0000 0000 0000 0000 0000 0000 0000 0000
0000 0000 0000 0000 0000 0000 0000 0000
0000 0000 0000 0000 0000 0000 0000 0000
0000 0000 0000 0000 0000 0000 0000 0000
0000 0000 0000 0000 0000 0000 0000 0000
0000 0000 0000 0000 0000 0000 0000 0000
0000 0000 0000 0000 0000 0000 0000 0000
0000 0000 0000 0000 0000 0000 0000 0000
0000 0000 0000 0000 0000 0000 0000 0000
0000 0000 0000 0000 0000 0000 0000 0000
0000 0000 0000 0000 0000 0000 0000 0000
0000 0000 0000 0000 0000 0000 0000 0000
0000 0000 0000 0000 0000 0000 0000 0000
0000 0000 0000 0000 0000 0000 0000 0000
0000 0000 0000 0000 0000 0000 0000 0000
0000 0000 0000 0000 0000 0000 0000 0000
0000 0000 0000 0000 0000 0000 0000 0000
0000 0000 0000 0000 0000 0000 0000 0000
0000 0000 0000 0000 0000 0000 0000 0000
0000 0000 0000 0000 0000 0000 0000 0000
0000 0000 0000 0000 0000 0000 0000 0000
0000 0000 0000 0000 0000 0000 0000 0000
0000 0000 0000 0000 0000 0000 0000 0000
0000 0000 0000 0000 0000 0000 0000 0000
0000 0000 0000 0000 0000 0000 0000 0000
0000 0000 0000 0000 0000 0000 0000 0000
0000 0000 0000 0000 0000 0000 0000 0000
0000 0000 0000 0000 0000 0000 0000 0000
0000 0000 0000 0000 0000 0000 0000 0000
0000 0000 0000 0000 0000 0000 0000 0000
0000 0000 0000 0000 0000 0000 0000 0000
0000 0000 0000 0000 0000 0000 0000 0000
0000 0000 0000 0000 0000 0000 0000 0000
0000 0000 0000 0000 0000 0000 0000 0000
0000 0000 0000 0000 0000 0000 0000 0000
0000 0000 0000 0000 0000 0000 0000 0000
0000 0000 0000 0000 0000 0000 0000 0000
0000 0000 0000 0000 0000 0000 0000 0000
0000 0000 0000 0000 0000 0000 0000 0000
0000 0000 0000 0000 0000 0000 0000 0000
0000 0000 0000 0000 0000 0000 0000 0000
0000 0000 0000 0000 0000 0000 0000 0000
0000 0000 0000 0000 0000 0000 0000 0000
0000 0000 0000 0000 0000 0000 0000 0000
0000 0000 0000 0000 0000 0000 0000 0000
0000 0000 0000 0000 0000 0000 0000 0000
0000 0000 0000 0000 0000 0000 0000 0000
0000 0000 0000 0000 0000 0000 0000 0000
0000 0000 0000 0000 0000 0000 0000 0000
0000 0000 0000 0000 0000 0000 0000 0000
0000 0000 0000 0000 0000 0000 0000 0000
0000 0000 0000 0000 0000 0000 0000 0000
0000 0000 0000 0000 0000 0000 0000 0000
0000 0000 0000 0000 0000 0000 0000 0000
0000 0000 0000 0000 0000 0000 0000 0000
0000 0000 0000 0000 0000 0000 0000 0000
0000 0000 0000 0000 0000 0000 0000 0000
0000 0000 0000 0000 0000 0000 0000 0000
0000 0000 0000 0000 0000 0000 0000 0000
0000 0000 0000 0000 0000 0000 0000 0000
0000 0000 0000 0000 c011 0000 0000 0000
8011 0000 0000 0000 0100 0000 0000 0000
0100 0000 0000 0000 0c00 0000 0000 0000
0010 0000 0000 0000 0d00 0000 0000 0000
e817 0000 0000 0000 1900 0000 0000 0000
983d 0000 0000 0000 1b00 0000 0000 0000
0800 0000 0000 0000 1a00 0000 0000 0000
a03d 0000 0000 0000 1c00 0000 0000 0000
0800 0000 0000 0000 f5fe ff6f 0000 0000
a003 0000 0000 0000 0500 0000 0000 0000
d004 0000 0000 0000 0600 0000 0000 0000
c803 0000 0000 0000 0a00 0000 0000 0000
b000 0000 0000 0000 0b00 0000 0000 0000
1800 0000 0000 0000 1500 0000 0000 0000
0000 0000 0000 0000 0300 0000 0000 0000
983f 0000 0000 0000 0200 0000 0000 0000
7800 0000 0000 0000 1400 0000 0000 0000
0700 0000 0000 0000 1700 0000 0000 0000
8806 0000 0000 0000 0700 0000 0000 0000
c805 0000 0000 0000 0800 0000 0000 0000
c000 0000 0000 0000 0900 0000 0000 0000
1800 0000 0000 0000 1e00 0000 0000 0000
0800 0000 0000 0000 fbff ff6f 0000 0000
0100 0008 0000 0000 feff ff6f 0000 0000
9805 0000 0000 0000 ffff ff6f 0000 0000
0100 0000 0000 0000 f0ff ff6f 0000 0000
8005 0000 0000 0000 f9ff ff6f 0000 0000
0300 0000 0000 0000 0000 0000 0000 0000
0000 0000 0000 0000 0000 0000 0000 0000
0000 0000 0000 0000 0000 0000 0000 0000
0000 0000 0000 0000 0000 0000 0000 0000
0000 0000 0000 0000 0000 0000 0000 0000
0000 0000 0000 0000 a83d 0000 0000 0000
0000 0000 0000 0000 0000 0000 0000 0000
3010 0000 0000 0000 4010 0000 0000 0000
5010 0000 0000 0000 6010 0000 0000 0000
7010 0000 0000 0000 0000 0000 0000 0000
0000 0000 0000 0000 0000 0000 0000 0000
0000 0000 0000 0000 0000 0000 0000 0000
0000 0000 0000 0000 0840 0000 0000 0000
4743 433a 2028 5562 756e 7475 2039 2e34
2e30 2d31 7562 756e 7475 317e 3230 2e30
342e 3129 2039 2e34 2e30 0000 0000 0000
0000 0000 0000 0000 0000 0000 0000 0000
0000 0000 0000 0000 0000 0000 0300 0100
1803 0000 0000 0000 0000 0000 0000 0000
0000 0000 0300 0200 3803 0000 0000 0000
0000 0000 0000 0000 0000 0000 0300 0300
5803 0000 0000 0000 0000 0000 0000 0000
0000 0000 0300 0400 7c03 0000 0000 0000
0000 0000 0000 0000 0000 0000 0300 0500
a003 0000 0000 0000 0000 0000 0000 0000
0000 0000 0300 0600 c803 0000 0000 0000
0000 0000 0000 0000 0000 0000 0300 0700
d004 0000 0000 0000 0000 0000 0000 0000
0000 0000 0300 0800 8005 0000 0000 0000
0000 0000 0000 0000 0000 0000 0300 0900
9805 0000 0000 0000 0000 0000 0000 0000
0000 0000 0300 0a00 c805 0000 0000 0000
0000 0000 0000 0000 0000 0000 0300 0b00
8806 0000 0000 0000 0000 0000 0000 0000
0000 0000 0300 0c00 0010 0000 0000 0000
0000 0000 0000 0000 0000 0000 0300 0d00
2010 0000 0000 0000 0000 0000 0000 0000
0000 0000 0300 0e00 8010 0000 0000 0000
0000 0000 0000 0000 0000 0000 0300 0f00
9010 0000 0000 0000 0000 0000 0000 0000
0000 0000 0300 1000 e010 0000 0000 0000
0000 0000 0000 0000 0000 0000 0300 1100
e817 0000 0000 0000 0000 0000 0000 0000
0000 0000 0300 1200 0020 0000 0000 0000
0000 0000 0000 0000 0000 0000 0300 1300
1c20 0000 0000 0000 0000 0000 0000 0000
0000 0000 0300 1400 8020 0000 0000 0000
0000 0000 0000 0000 0000 0000 0300 1500
983d 0000 0000 0000 0000 0000 0000 0000
0000 0000 0300 1600 a03d 0000 0000 0000
0000 0000 0000 0000 0000 0000 0300 1700
a83d 0000 0000 0000 0000 0000 0000 0000
0000 0000 0300 1800 983f 0000 0000 0000
0000 0000 0000 0000 0000 0000 0300 1900
0040 0000 0000 0000 0000 0000 0000 0000
0000 0000 0300 1a00 1040 0000 0000 0000
0000 0000 0000 0000 0000 0000 0300 1b00
0000 0000 0000 0000 0000 0000 0000 0000
0100 0000 0400 f1ff 0000 0000 0000 0000
0000 0000 0000 0000 0c00 0000 0200 1000
1011 0000 0000 0000 0000 0000 0000 0000
0e00 0000 0200 1000 4011 0000 0000 0000
0000 0000 0000 0000 2100 0000 0200 1000
8011 0000 0000 0000 0000 0000 0000 0000
3700 0000 0100 1a00 1040 0000 0000 0000
0100 0000 0000 0000 4600 0000 0100 1600
a03d 0000 0000 0000 0000 0000 0000 0000
6d00 0000 0200 1000 c011 0000 0000 0000
0000 0000 0000 0000 7900 0000 0100 1500
983d 0000 0000 0000 0000 0000 0000 0000
9800 0000 0400 f1ff 0000 0000 0000 0000
0000 0000 0000 0000 9f00 0000 0400 f1ff
0000 0000 0000 0000 0000 0000 0000 0000
af00 0000 0400 f1ff 0000 0000 0000 0000
0000 0000 0000 0000 c000 0000 0400 f1ff
0000 0000 0000 0000 0000 0000 0000 0000
d300 0000 0400 f1ff 0000 0000 0000 0000
0000 0000 0000 0000 0100 0000 0400 f1ff
0000 0000 0000 0000 0000 0000 0000 0000
ee00 0000 0100 1400 0422 0000 0000 0000
0000 0000 0000 0000 0000 0000 0400 f1ff
0000 0000 0000 0000 0000 0000 0000 0000
fc00 0000 0000 1500 a03d 0000 0000 0000
0000 0000 0000 0000 0d01 0000 0100 1700
a83d 0000 0000 0000 0000 0000 0000 0000
1601 0000 0000 1500 983d 0000 0000 0000
0000 0000 0000 0000 2901 0000 0000 1300
1c20 0000 0000 0000 0000 0000 0000 0000
3c01 0000 0100 1800 983f 0000 0000 0000
0000 0000 0000 0000 6802 0000 0200 0c00
0010 0000 0000 0000 0000 0000 0000 0000
5201 0000 1200 1000 e017 0000 0000 0000
0500 0000 0000 0000 6201 0000 1200 0000
0000 0000 0000 0000 0000 0000 0000 0000
7401 0000 2000 0000 0000 0000 0000 0000
0000 0000 0000 0000 0b02 0000 2000 1900
0040 0000 0000 0000 0000 0000 0000 0000
9001 0000 1200 0000 0000 0000 0000 0000
0000 0000 0000 0000 a201 0000 1200 1000
8215 0000 0000 0000 b400 0000 0000 0000
b301 0000 1000 1900 1040 0000 0000 0000
0000 0000 0000 0000 5c01 0000 1202 1100
e817 0000 0000 0000 0000 0000 0000 0000
ba01 0000 1200 0000 0000 0000 0000 0000
0000 0000 0000 0000 d601 0000 1200 0000
0000 0000 0000 0000 0000 0000 0000 0000
ea01 0000 1200 0000 0000 0000 0000 0000
0000 0000 0000 0000 0902 0000 1000 1900
0040 0000 0000 0000 0000 0000 0000 0000
1602 0000 1200 1000 f414 0000 0000 0000
3d00 0000 0000 0000 2402 0000 2000 0000
0000 0000 0000 0000 0000 0000 0000 0000
3302 0000 1102 1900 0840 0000 0000 0000
0000 0000 0000 0000 4002 0000 1100 1200
0020 0000 0000 0000 0400 0000 0000 0000
4f02 0000 1200 1000 3115 0000 0000 0000
5100 0000 0000 0000 5e02 0000 1200 1000
7017 0000 0000 0000 6500 0000 0000 0000
6e02 0000 1200 0000 0000 0000 0000 0000
0000 0000 0000 0000 ae01 0000 1000 1a00
1840 0000 0000 0000 0000 0000 0000 0000
0f02 0000 1200 1000 e010 0000 0000 0000
2f00 0000 0000 0000 8202 0000 1000 1a00
1040 0000 0000 0000 0000 0000 0000 0000
8e02 0000 1200 1000 c911 0000 0000 0000
2b03 0000 0000 0000 9302 0000 1200 1000
3616 0000 0000 0000 2d01 0000 0000 0000
ac02 0000 1102 1900 1040 0000 0000 0000
0000 0000 0000 0000 b802 0000 2000 0000
0000 0000 0000 0000 0000 0000 0000 0000
d202 0000 2200 0000 0000 0000 0000 0000
0000 0000 0000 0000 0063 7274 7374 7566
662e 6300 6465 7265 6769 7374 6572 5f74
6d5f 636c 6f6e 6573 005f 5f64 6f5f 676c
6f62 616c 5f64 746f 7273 5f61 7578 0063
6f6d 706c 6574 6564 2e38 3036 3100 5f5f
646f 5f67 6c6f 6261 6c5f 6474 6f72 735f
6175 785f 6669 6e69 5f61 7272 6179 5f65
6e74 7279 0066 7261 6d65 5f64 756d 6d79
005f 5f66 7261 6d65 5f64 756d 6d79 5f69
6e69 745f 6172 7261 795f 656e 7472 7900
6d61 696e 2e63 0066 7265 655f 646c 6973
7469 6e74 2e63 0070 7269 6e74 5f64 6c69
7374 696e 742e 6300 6164 645f 646e 6f64
6569 6e74 5f65 6e64 2e63 0064 656c 6574
655f 646e 6f64 6569 6e74 5f61 745f 696e
6465 782e 6300 5f5f 4652 414d 455f 454e
445f 5f00 5f5f 696e 6974 5f61 7272 6179
5f65 6e64 005f 4459 4e41 4d49 4300 5f5f
696e 6974 5f61 7272 6179 5f73 7461 7274
005f 5f47 4e55 5f45 485f 4652 414d 455f
4844 5200 5f47 4c4f 4241 4c5f 4f46 4653
4554 5f54 4142 4c45 5f00 5f5f 6c69 6263
5f63 7375 5f66 696e 6900 6672 6565 4040
474c 4942 435f 322e 322e 3500 5f49 544d
5f64 6572 6567 6973 7465 7254 4d43 6c6f
6e65 5461 626c 6500 7075 7473 4040 474c
4942 435f 322e 322e 3500 6164 645f 646e
6f64 6569 6e74 5f65 6e64 005f 6564 6174
6100 5f5f 7374 6163 6b5f 6368 6b5f 6661
696c 4040 474c 4942 435f 322e 3400 7072
696e 7466 4040 474c 4942 435f 322e 322e
3500 5f5f 6c69 6263 5f73 7461 7274 5f6d
6169 6e40 4047 4c49 4243 5f32 2e32 2e35
005f 5f64 6174 615f 7374 6172 7400 6672
6565 5f64 6c69 7374 696e 7400 5f5f 676d
6f6e 5f73 7461 7274 5f5f 005f 5f64 736f
5f68 616e 646c 6500 5f49 4f5f 7374 6469
6e5f 7573 6564 0070 7269 6e74 5f64 6c69
7374 696e 7400 5f5f 6c69 6263 5f63 7375
5f69 6e69 7400 6d61 6c6c 6f63 4040 474c
4942 435f 322e 322e 3500 5f5f 6273 735f
7374 6172 7400 6d61 696e 0064 656c 6574
655f 646e 6f64 6569 6e74 5f61 745f 696e
6465 7800 5f5f 544d 435f 454e 445f 5f00
5f49 544d 5f72 6567 6973 7465 7254 4d43
6c6f 6e65 5461 626c 6500 5f5f 6378 615f
6669 6e61 6c69 7a65 4040 474c 4942 435f
322e 322e 3500 002e 7379 6d74 6162 002e
7374 7274 6162 002e 7368 7374 7274 6162
002e 696e 7465 7270 002e 6e6f 7465 2e67
6e75 2e70 726f 7065 7274 7900 2e6e 6f74
652e 676e 752e 6275 696c 642d 6964 002e
6e6f 7465 2e41 4249 2d74 6167 002e 676e
752e 6861 7368 002e 6479 6e73 796d 002e
6479 6e73 7472 002e 676e 752e 7665 7273
696f 6e00 2e67 6e75 2e76 6572 7369 6f6e
5f72 002e 7265 6c61 2e64 796e 002e 7265
6c61 2e70 6c74 002e 696e 6974 002e 706c
742e 676f 7400 2e70 6c74 2e73 6563 002e
7465 7874 002e 6669 6e69 002e 726f 6461
7461 002e 6568 5f66 7261 6d65 5f68 6472
002e 6568 5f66 7261 6d65 002e 696e 6974
5f61 7272 6179 002e 6669 6e69 5f61 7272
6179 002e 6479 6e61 6d69 6300 2e64 6174
6100 2e62 7373 002e 636f 6d6d 656e 7400
0000 0000 0000 0000 0000 0000 0000 0000
0000 0000 0000 0000 0000 0000 0000 0000
0000 0000 0000 0000 0000 0000 0000 0000
0000 0000 0000 0000 0000 0000 0000 0000
1b00 0000 0100 0000 0200 0000 0000 0000
1803 0000 0000 0000 1803 0000 0000 0000
1c00 0000 0000 0000 0000 0000 0000 0000
0100 0000 0000 0000 0000 0000 0000 0000
2300 0000 0700 0000 0200 0000 0000 0000
3803 0000 0000 0000 3803 0000 0000 0000
2000 0000 0000 0000 0000 0000 0000 0000
0800 0000 0000 0000 0000 0000 0000 0000
3600 0000 0700 0000 0200 0000 0000 0000
5803 0000 0000 0000 5803 0000 0000 0000
2400 0000 0000 0000 0000 0000 0000 0000
0400 0000 0000 0000 0000 0000 0000 0000
4900 0000 0700 0000 0200 0000 0000 0000
7c03 0000 0000 0000 7c03 0000 0000 0000
2000 0000 0000 0000 0000 0000 0000 0000
0400 0000 0000 0000 0000 0000 0000 0000
5700 0000 f6ff ff6f 0200 0000 0000 0000
a003 0000 0000 0000 a003 0000 0000 0000
2400 0000 0000 0000 0600 0000 0000 0000
0800 0000 0000 0000 0000 0000 0000 0000
6100 0000 0b00 0000 0200 0000 0000 0000
c803 0000 0000 0000 c803 0000 0000 0000
0801 0000 0000 0000 0700 0000 0100 0000
0800 0000 0000 0000 1800 0000 0000 0000
6900 0000 0300 0000 0200 0000 0000 0000
d004 0000 0000 0000 d004 0000 0000 0000
b000 0000 0000 0000 0000 0000 0000 0000
0100 0000 0000 0000 0000 0000 0000 0000
7100 0000 ffff ff6f 0200 0000 0000 0000
8005 0000 0000 0000 8005 0000 0000 0000
1600 0000 0000 0000 0600 0000 0000 0000
0200 0000 0000 0000 0200 0000 0000 0000
7e00 0000 feff ff6f 0200 0000 0000 0000
9805 0000 0000 0000 9805 0000 0000 0000
3000 0000 0000 0000 0700 0000 0100 0000
0800 0000 0000 0000 0000 0000 0000 0000
8d00 0000 0400 0000 0200 0000 0000 0000
c805 0000 0000 0000 c805 0000 0000 0000
c000 0000 0000 0000 0600 0000 0000 0000
0800 0000 0000 0000 1800 0000 0000 0000
9700 0000 0400 0000 4200 0000 0000 0000
8806 0000 0000 0000 8806 0000 0000 0000
7800 0000 0000 0000 0600 0000 1800 0000
0800 0000 0000 0000 1800 0000 0000 0000
a100 0000 0100 0000 0600 0000 0000 0000
0010 0000 0000 0000 0010 0000 0000 0000
1b00 0000 0000 0000 0000 0000 0000 0000
0400 0000 0000 0000 0000 0000 0000 0000
9c00 0000 0100 0000 0600 0000 0000 0000
2010 0000 0000 0000 2010 0000 0000 0000
6000 0000 0000 0000 0000 0000 0000 0000
1000 0000 0000 0000 1000 0000 0000 0000
a700 0000 0100 0000 0600 0000 0000 0000
8010 0000 0000 0000 8010 0000 0000 0000
1000 0000 0000 0000 0000 0000 0000 0000
1000 0000 0000 0000 1000 0000 0000 0000
b000 0000 0100 0000 0600 0000 0000 0000
9010 0000 0000 0000 9010 0000 0000 0000
5000 0000 0000 0000 0000 0000 0000 0000
1000 0000 0000 0000 1000 0000 0000 0000
b900 0000 0100 0000 0600 0000 0000 0000
e010 0000 0000 0000 e010 0000 0000 0000
0507 0000 0000 0000 0000 0000 0000 0000
1000 0000 0000 0000 0000 0000 0000 0000
bf00 0000 0100 0000 0600 0000 0000 0000
e817 0000 0000 0000 e817 0000 0000 0000
0d00 0000 0000 0000 0000 0000 0000 0000
0400 0000 0000 0000 0000 0000 0000 0000
c500 0000 0100 0000 0200 0000 0000 0000
0020 0000 0000 0000 0020 0000 0000 0000
1a00 0000 0000 0000 0000 0000 0000 0000
0400 0000 0000 0000 0000 0000 0000 0000
cd00 0000 0100 0000 0200 0000 0000 0000
1c20 0000 0000 0000 1c20 0000 0000 0000
6400 0000 0000 0000 0000 0000 0000 0000
0400 0000 0000 0000 0000 0000 0000 0000
db00 0000 0100 0000 0200 0000 0000 0000
8020 0000 0000 0000 8020 0000 0000 0000
8801 0000 0000 0000 0000 0000 0000 0000
0800 0000 0000 0000 0000 0000 0000 0000
e500 0000 0e00 0000 0300 0000 0000 0000
983d 0000 0000 0000 982d 0000 0000 0000
0800 0000 0000 0000 0000 0000 0000 0000
0800 0000 0000 0000 0800 0000 0000 0000
f100 0000 0f00 0000 0300 0000 0000 0000
a03d 0000 0000 0000 a02d 0000 0000 0000
0800 0000 0000 0000 0000 0000 0000 0000
0800 0000 0000 0000 0800 0000 0000 0000
fd00 0000 0600 0000 0300 0000 0000 0000
a83d 0000 0000 0000 a82d 0000 0000 0000
f001 0000 0000 0000 0700 0000 0000 0000
0800 0000 0000 0000 1000 0000 0000 0000
ab00 0000 0100 0000 0300 0000 0000 0000
983f 0000 0000 0000 982f 0000 0000 0000
6800 0000 0000 0000 0000 0000 0000 0000
0800 0000 0000 0000 0800 0000 0000 0000
0601 0000 0100 0000 0300 0000 0000 0000
0040 0000 0000 0000 0030 0000 0000 0000
1000 0000 0000 0000 0000 0000 0000 0000
0800 0000 0000 0000 0000 0000 0000 0000
0c01 0000 0800 0000 0300 0000 0000 0000
1040 0000 0000 0000 1030 0000 0000 0000
0800 0000 0000 0000 0000 0000 0000 0000
0100 0000 0000 0000 0000 0000 0000 0000
1101 0000 0100 0000 3000 0000 0000 0000
0000 0000 0000 0000 1030 0000 0000 0000
2b00 0000 0000 0000 0000 0000 0000 0000
0100 0000 0000 0000 0100 0000 0000 0000
0100 0000 0200 0000 0000 0000 0000 0000
0000 0000 0000 0000 4030 0000 0000 0000
3807 0000 0000 0000 1d00 0000 3200 0000
0800 0000 0000 0000 1800 0000 0000 0000
0900 0000 0300 0000 0000 0000 0000 0000
0000 0000 0000 0000 7837 0000 0000 0000
ee02 0000 0000 0000 0000 0000 0000 0000
0100 0000 0000 0000 0000 0000 0000 0000
1100 0000 0300 0000 0000 0000 0000 0000
0000 0000 0000 0000 663a 0000 0000 0000
1a01 0000 0000 0000 0000 0000 0000 0000
0100 0000 0000 0000 0000 0000 0000 0000

